Dista(Graus)	Long	Lat	Bouguer(mGal)
0.0	-54.7508615857	-12.5370912929	101.760246277
0.0365795537643	-54.7174968931	-12.5520866603	105.745979309
0.0731591075286	-54.6841322006	-12.5670820278	104.763237
0.109738661293	-54.650767508	-12.5820773952	105.026489258
0.146318215057	-54.6174028155	-12.5970727627	107.354026794
0.182897768822	-54.5840381229	-12.6120681301	108.151252747
0.219477322586	-54.5506734304	-12.6270634975	101.774856567
0.25605687635	-54.5173087378	-12.642058865	101.767570496
0.292636430114	-54.4839440453	-12.6570542324	103.024940491
0.329215983879	-54.4505793527	-12.6720495998	101.171592712
0.365795537643	-54.4172146602	-12.6870449673	104.516670227
0.402375091407	-54.3838499676	-12.7020403347	99.6903915405
0.438954645172	-54.3504852751	-12.7170357022	104.116333008
0.475534198936	-54.3171205825	-12.7320310696	108.65322876
0.5121137527	-54.28375589	-12.747026437	106.916893005
0.548693306465	-54.2503911974	-12.7620218045	111.246200562
0.585272860229	-54.2170265049	-12.7770171719	111.038970947
0.621852413993	-54.1836618123	-12.7920125394	114.35735321
0.658431967757	-54.1502971198	-12.8070079068	115.830207825
0.695011521522	-54.1169324272	-12.8220032742	113.084793091
0.731591075286	-54.0835677347	-12.8369986417	114.239707947
0.76817062905	-54.0502030421	-12.8519940091	115.16583252
0.804750182815	-54.0168383496	-12.8669893765	114.68321228
0.841329736579	-53.983473657	-12.881984744	114.895843506
0.877909290343	-53.9501089645	-12.8969801114	113.842453003
0.914488844108	-53.9167442719	-12.9119754789	113.379119873
0.951068397872	-53.8833795794	-12.9269708463	111.121200562
0.987647951636	-53.8500148868	-12.9419662137	110.891929626
1.0242275054	-53.8166501942	-12.9569615812	108.917953491
1.06080705916	-53.7832855017	-12.9719569486	108.378471375
1.09738661293	-53.7499208091	-12.9869523161	105.446533203
1.13396616669	-53.7165561166	-13.0019476835	109.074821472
1.17054572046	-53.683191424	-13.0169430509	109.900093079
1.20712527422	-53.6498267315	-13.0319384184	107.685401917
1.24370482799	-53.6164620389	-13.0469337858	108.309448242
1.28028438175	-53.5830973464	-13.0619291532	109.096351624
1.31686393551	-53.5497326538	-13.0769245207	110.241149902
1.35344348928	-53.5163679613	-13.0919198881	105.742507935
1.39002304304	-53.4830032687	-13.1069152556	105.942268372
1.42660259681	-53.4496385762	-13.121910623	101.200622559
1.46318215057	-53.4162738836	-13.1369059904	100.364486694
1.49976170434	-53.3829091911	-13.1519013579	91.8731613159
1.5363412581	-53.3495444985	-13.1668967253	88.4492263794
1.57292081186	-53.316179806	-13.1818920927	85.2693710327
1.60950036563	-53.2828151134	-13.1968874602	82.2000427246
1.64607991939	-53.2494504209	-13.2118828276	80.5212478638
1.68265947316	-53.2160857283	-13.2268781951	78.7468185425
1.71923902692	-53.1827210358	-13.2418735625	83.9021987915
1.75581858069	-53.1493563432	-13.2568689299	85.9691772461
1.79239813445	-53.1159916507	-13.2718642974	87.3417129517
1.82897768822	-53.0826269581	-13.2868596648	91.4140167236
1.86555724198	-53.0492622656	-13.3018550323	96.8142089844
1.90213679574	-53.015897573	-13.3168503997	104.279571533
1.93871634951	-52.9825328805	-13.3318457671	104.979278564
1.97529590327	-52.9491681879	-13.3468411346	107.428222656
2.01187545704	-52.9158034954	-13.361836502	108.226623535
2.0484550108	-52.8824388028	-13.3768318694	110.448829651
2.08503456457	-52.8490741103	-13.3918272369	108.647789001
2.12161411833	-52.8157094177	-13.4068226043	110.344062805
2.15819367209	-52.7823447252	-13.4218179718	105.989318848
2.19477322586	-52.7489800326	-13.4368133392	104.52973938
2.23135277962	-52.7156153401	-13.4518087066	102.55255127
2.26793233339	-52.6822506475	-13.4668040741	100.600730896
2.30451188715	-52.648885955	-13.4817994415	99.8291015625
2.34109144092	-52.6155212624	-13.496794809	96.6386032104
2.37767099468	-52.5821565699	-13.5117901764	96.7860488892
2.41425054844	-52.5487918773	-13.5267855438	93.62525177
2.45083010221	-52.5154271848	-13.5417809113	93.1624679565
2.48740965597	-52.4820624922	-13.5567762787	91.2069396973
2.52398920974	-52.4486977997	-13.5717716461	89.5911102295
2.5605687635	-52.4153331071	-13.5867670136	92.1554489136
2.59714831727	-52.3819684146	-13.601762381	92.5628509521
2.63372787103	-52.348603722	-13.6167577485	92.9730224609
2.67030742479	-52.3152390295	-13.6317531159	93.4879989624
2.70688697856	-52.2818743369	-13.6467484833	93.9101409912
2.74346653232	-52.2485096444	-13.6617438508	92.4613723755
2.78004608609	-52.2151449518	-13.6767392182	88.9626464844
2.81662563985	-52.1817802593	-13.6917345857	93.3364028931
2.85320519362	-52.1484155667	-13.7067299531	92.6956176758
2.88978474738	-52.1150508742	-13.7217253205	90.9482421875
2.92636430114	-52.0816861816	-13.736720688	87.1554336548
2.96294385491	-52.0483214891	-13.7517160554	84.7486495972
2.99952340867	-52.0149567965	-13.7667114228	82.181060791
3.03610296244	-51.981592104	-13.7817067903	80.9845275879
3.0726825162	-51.9482274114	-13.7967021577	78.4036026001
3.10926206997	-51.9148627189	-13.8116975252	79.4554595947
3.14584162373	-51.8814980263	-13.8266928926	76.6903305054
3.18242117749	-51.8481333338	-13.84168826	73.4645462036
3.21900073126	-51.8147686412	-13.8566836275	75.1799163818
3.25558028502	-51.7814039487	-13.8716789949	75.607673645
3.29215983879	-51.7480392561	-13.8866743624	73.8701705933
3.32873939255	-51.7146745636	-13.9016697298	75.185508728
3.36531894632	-51.681309871	-13.9166650972	75.9715499878
3.40189850008	-51.6479451785	-13.9316604647	76.2492294312
3.43847805384	-51.6145804859	-13.9466558321	75.1687011719
3.47505760761	-51.5812157934	-13.9616511995	74.4153823853
3.51163716137	-51.5478511008	-13.976646567	75.8267364502
3.54821671514	-51.5144864083	-13.9916419344	77.9401473999
3.5847962689	-51.4811217157	-14.0066373019	79.7605133057
3.62137582267	-51.4477570232	-14.0216326693	80.8153915405
3.65795537643	-51.4143923306	-14.0366280367	81.3433914185
3.69453493019	-51.3810276381	-14.0516234042	83.0910720825
3.73111448396	-51.3476629455	-14.0666187716	83.41796875
3.76769403772	-51.314298253	-14.0816141391	84.7133865356
3.80427359149	-51.2809335604	-14.0966095065	86.8087463379
3.84085314525	-51.2475688679	-14.1116048739	87.404548645
3.87743269902	-51.2142041753	-14.1266002414	89.1241073608
3.91401225278	-51.1808394828	-14.1415956088	90.2346878052
3.95059180654	-51.1474747902	-14.1565909762	93.8489837646
3.98717136031	-51.1141100977	-14.1715863437	95.2452926636
4.02375091407	-51.0807454051	-14.1865817111	99.6229400635
4.06033046784	-51.0473807126	-14.2015770786	100.476638794
4.0969100216	-51.01401602	-14.216572446	105.364212036
4.13348957537	-50.9806513275	-14.2315678134	111.072219849
4.17006912913	-50.9472866349	-14.2465631809	113.996192932
4.20664868289	-50.9139219424	-14.2615585483	118.511627197
4.24322823666	-50.8805572498	-14.2765539158	121.13874054
4.27980779042	-50.8471925573	-14.2915492832	125.64969635
4.31638734419	-50.8138278647	-14.3065446506	128.284591675
4.35296689795	-50.7804631722	-14.3215400181	131.091094971
4.38954645172	-50.7470984796	-14.3365353855	131.960983276
4.42612600548	-50.7137337871	-14.3515307529	132.952896118
4.46270555924	-50.6803690945	-14.3665261204	133.19128418
4.49928511301	-50.647004402	-14.3815214878	132.599243164
4.53586466677	-50.6136397094	-14.3965168553	132.015182495
4.57244422054	-50.5802750169	-14.4115122227	128.691482544
4.6090237743	-50.5469103243	-14.4265075901	127.546302795
4.64560332807	-50.5135456318	-14.4415029576	125.420646667
4.68218288183	-50.4801809392	-14.456498325	123.129241943
4.71876243559	-50.4468162467	-14.4714936925	122.13205719
4.75534198936	-50.4134515541	-14.4864890599	119.762939453
4.79192154312	-50.3800868616	-14.5014844273	119.237663269
4.82850109689	-50.346722169	-14.5164797948	119.862220764
4.86508065065	-50.3133574765	-14.5314751622	118.796577454
4.90166020442	-50.2799927839	-14.5464705296	121.884231567
4.93823975818	-50.2466280914	-14.5614658971	119.294517517
4.97481931195	-50.2132633988	-14.5764612645	119.365463257
5.01139886571	-50.1798987063	-14.591456632	114.354553223
5.04797841947	-50.1465340137	-14.6064519994	116.057167053
5.08455797324	-50.1131693212	-14.6214473668	103.071647644
5.121137527	-50.0798046286	-14.6364427343	100.534606934
5.15771708077	-50.0464399361	-14.6514381017	105.512077332
5.19429663453	-50.0130752435	-14.6664334691	96.7382736206
5.2308761883	-49.979710551	-14.6814288366	84.2822265625
5.26745574206	-49.9463458584	-14.696424204	89.6937789917
5.30403529582	-49.9129811659	-14.7114195715	89.8257522583
5.34061484959	-49.8796164733	-14.7264149389	86.6923522949
5.37719440335	-49.8462517808	-14.7414103063	84.2766799927
5.41377395712	-49.8128870882	-14.7564056738	80.8767700195
5.45035351088	-49.7795223957	-14.7714010412	79.6473464966
5.48693306465	-49.7461577031	-14.7863964087	80.6016082764
5.52351261841	-49.7127930105	-14.8013917761	75.4513778687
5.56009217217	-49.679428318	-14.8163871435	76.6628570557
5.59667172594	-49.6460636254	-14.831382511	68.9077987671
5.6332512797	-49.6126989329	-14.8463778784	75.1629333496
5.66983083347	-49.5793342403	-14.8613732458	74.4520874023
5.70641038723	-49.5459695478	-14.8763686133	70.0295410156
5.742989941	-49.5126048552	-14.8913639807	64.576461792
5.77956949476	-49.4792401627	-14.9063593482	64.790802002
5.81614904852	-49.4458754701	-14.9213547156	67.7557678223
5.85272860229	-49.4125107776	-14.936350083	64.5026626587
5.88930815605	-49.379146085	-14.9513454505	62.1334190369
5.92588770982	-49.3457813925	-14.9663408179	63.0718917847
5.96246726358	-49.3124166999	-14.9813361854	67.7825469971
5.99904681735	-49.2790520074	-14.9963315528	70.2451171875
6.03562637111	-49.2456873148	-15.0113269202	75.5995483398
6.07220592487	-49.2123226223	-15.0263222877	73.8316421509
6.10878547864	-49.1789579297	-15.0413176551	74.2887115479
6.1453650324	-49.1455932372	-15.0563130225	66.1531295776
6.18194458617	-49.1122285446	-15.07130839	74.6976394653
6.21852413993	-49.0788638521	-15.0863037574	65.8953170776
6.2551036937	-49.0454991595	-15.1012991249	72.5565872192
6.29168324746	-49.012134467	-15.1162944923	49.549369812
6.32826280122	-48.9787697744	-15.1312898597	57.577331543
6.36484235499	-48.9454050819	-15.1462852272	45.3320007324
6.40142190875	-48.9120403893	-15.1612805946	33.9131202698
6.43800146252	-48.8786756968	-15.1762759621	32.3564186096
6.47458101628	-48.8453110042	-15.1912713295	26.3960704803
6.51116057005	-48.8119463117	-15.2062666969	32.1755409241
6.54774012381	-48.7785816191	-15.2212620644	27.5578193665
6.58431967757	-48.7452169266	-15.2362574318	15.6549196243
6.62089923134	-48.711852234	-15.2512527992	28.8982200623
6.6574787851	-48.6784875415	-15.2662481667	27.7659797668
6.69405833887	-48.6451228489	-15.2812435341	23.532169342
6.73063789263	-48.6117581564	-15.2962389016	22.9937591553
6.7672174464	-48.5783934638	-15.311234269	20.3422393799
6.80379700016	-48.5450287713	-15.3262296364	14.1289596558
6.84037655392	-48.5116640787	-15.3412250039	16.1308708191
6.87695610769	-48.4782993862	-15.3562203713	15.9327297211
6.91353566145	-48.4449346936	-15.3712157388	13.1784200668
6.95011521522	-48.4115700011	-15.3862111062	17.8958396912
6.98669476898	-48.3782053085	-15.4012064736	25.2361698151
7.02327432275	-48.344840616	-15.4162018411	31.3537902832
7.05985387651	-48.3114759234	-15.4311972085	12.9181499481
7.09643343027	-48.2781112309	-15.4461925759	21.5180892944
7.13301298404	-48.2447465383	-15.4611879434	22.8332500458
7.1695925378	-48.2113818458	-15.4761833108	13.9422597885
7.20617209157	-48.1780171532	-15.4911786783	15.0898399353
7.24275164533	-48.1446524607	-15.5061740457	18.5494594574
7.2793311991	-48.1112877681	-15.5211694131	20.504119873
7.31591075286	-48.0779230756	-15.5361647806	24.7270908356
7.35249030662	-48.044558383	-15.551160148	13.9051599503
7.38906986039	-48.0111936905	-15.5661555155	4.21272993088
7.42564941415	-47.9778289979	-15.5811508829	20.8904705048
7.46222896792	-47.9444643054	-15.5961462503	19.7223091125
7.49880852168	-47.9110996128	-15.6111416178	32.3629112244
7.53538807545	-47.8777349203	-15.6261369852	26.5066795349
7.57196762921	-47.8443702277	-15.6411323526	31.6101093292
7.60854718297	-47.8110055352	-15.6561277201	35.0962486267
7.64512673674	-47.7776408426	-15.6711230875	25.8500804901
7.6817062905	-47.7442761501	-15.686118455	22.1881103516
7.71828584427	-47.7109114575	-15.7011138224	28.9764308929
7.75486539803	-47.677546765	-15.7161091898	28.5265407562
7.7914449518	-47.6441820724	-15.7311045573	20.3578605652
7.82802450556	-47.6108173799	-15.7460999247	18.7786808014
7.86460405932	-47.5774526873	-15.7610952922	30.1142196655
7.90118361309	-47.5440879948	-15.7760906596	33.0950012207
7.93776316685	-47.5107233022	-15.791086027	24.3539199829
7.97434272062	-47.4773586097	-15.8060813945	24.8943691254
8.01092227438	-47.4439939171	-15.8210767619	26.9414997101
8.04750182815	-47.4106292246	-15.8360721293	32.4058189392
8.08408138191	-47.377264532	-15.8510674968	32.508518219
8.12066093567	-47.3438998395	-15.8660628642	26.7063293457
8.15724048944	-47.3105351469	-15.8810582317	26.9417304993
8.1938200432	-47.2771704544	-15.8960535991	32.2236785889
8.23039959697	-47.2438057618	-15.9110489665	36.9813194275
8.26697915073	-47.2104410693	-15.926044334	34.1988487244
8.3035587045	-47.1770763767	-15.9410397014	36.2056388855
8.34013825826	-47.1437116842	-15.9560350689	35.6632118225
8.37671781203	-47.1103469916	-15.9710304363	39.4303398132
8.41329736579	-47.0769822991	-15.9860258037	33.1150283813
8.44987691955	-47.0436176065	-16.0010211712	33.6214904785
8.48645647332	-47.010252914	-16.0160165386	35.6356201172
8.52303602708	-46.9768882214	-16.031011906	35.9087104797
8.55961558085	-46.9435235289	-16.0460072735	36.0088005066
8.59619513461	-46.9101588363	-16.0610026409	34.1425094604
8.63277468838	-46.8767941438	-16.0759980084	32.2558898926
8.66935424214	-46.8434294512	-16.0909933758	34.6600608826
8.7059337959	-46.8100647587	-16.1059887432	38.9719581604
8.74251334967	-46.7767000661	-16.1209841107	40.684928894
8.77909290343	-46.7433353736	-16.1359794781	43.3851699829
8.8156724572	-46.709970681	-16.1509748455	47.130859375
8.85225201096	-46.6766059885	-16.165970213	41.76404953
8.88883156473	-46.6432412959	-16.1809655804	33.8267097473
8.92541111849	-46.6098766034	-16.1959609479	41.7991600037
8.96199067225	-46.5765119108	-16.2109563153	46.8569793701
8.99857022602	-46.5431472183	-16.2259516827	42.9702415466
9.03514977978	-46.5097825257	-16.2409470502	41.314491272
9.07172933355	-46.4764178332	-16.2559424176	46.3731803894
9.10830888731	-46.4430531406	-16.2709377851	45.5470504761
9.14488844108	-46.4096884481	-16.2859331525	46.327709198
9.18146799484	-46.3763237555	-16.3009285199	44.3717384338
9.2180475486	-46.342959063	-16.3159238874	44.2418289185
9.25462710237	-46.3095943704	-16.3309192548	45.1683692932
9.29120665613	-46.2762296779	-16.3459146222	42.2433586121
9.3277862099	-46.2428649853	-16.3609099897	42.9922790527
9.36436576366	-46.2095002928	-16.3759053571	43.4251403809
9.40094531743	-46.1761356002	-16.3909007246	44.1351203918
9.43752487119	-46.1427709077	-16.405896092	42.5047187805
9.47410442495	-46.1094062151	-16.4208914594	43.8071289062
9.51068397872	-46.0760415226	-16.4358868269	47.8618812561
9.54726353248	-46.04267683	-16.4508821943	42.3672294617
9.58384308625	-46.0093121375	-16.4658775618	44.3483505249
9.62042264001	-45.9759474449	-16.4808729292	46.71900177
9.65700219378	-45.9425827524	-16.4958682966	44.6453781128
9.69358174754	-45.9092180598	-16.5108636641	38.4234008789
9.7301613013	-45.8758533673	-16.5258590315	41.0458297729
9.76674085507	-45.8424886747	-16.5408543989	42.2163200378
9.80332040883	-45.8091239822	-16.5558497664	39.7288093567
9.8398999626	-45.7757592896	-16.5708451338	41.2839202881
9.87647951636	-45.7423945971	-16.5858405013	43.5500183105
9.91305907013	-45.7090299045	-16.6008358687	43.634929657
9.94963862389	-45.6756652119	-16.6158312361	38.3903999329
9.98621817765	-45.6423005194	-16.6308266036	38.4738311768
10.0227977314	-45.6089358268	-16.645821971	39.4264602661
10.0593772852	-45.5755711343	-16.6608173385	44.7216491699
10.0959568389	-45.5422064417	-16.6758127059	44.479850769
10.1325363927	-45.5088417492	-16.6908080733	39.9524383545
10.1691159465	-45.4754770566	-16.7058034408	43.3759803772
10.2056955002	-45.4421123641	-16.7207988082	42.3338012695
10.242275054	-45.4087476715	-16.7357941756	44.8775901794
10.2788546078	-45.375382979	-16.7507895431	48.2516212463
10.3154341615	-45.3420182864	-16.7657849105	47.5402297974
10.3520137153	-45.3086535939	-16.780780278	50.3479003906
10.3885932691	-45.2752889013	-16.7957756454	50.3518600464
10.4251728228	-45.2419242088	-16.8107710128	51.0634803772
10.4617523766	-45.2085595162	-16.8257663803	52.2403106689
10.4983319304	-45.1751948237	-16.8407617477	54.0034790039
10.5349114841	-45.1418301311	-16.8557571152	50.9838600159
10.5714910379	-45.1084654386	-16.8707524826	49.7872200012
10.6080705916	-45.075100746	-16.88574785	50.4304618835
10.6446501454	-45.0417360535	-16.9007432175	48.021068573
10.6812296992	-45.0083713609	-16.9157385849	48.683921814
10.7178092529	-44.9750066684	-16.9307339523	52.0765419006
10.7543888067	-44.9416419758	-16.9457293198	47.0795593262
10.7909683605	-44.9082772833	-16.9607246872	49.7334403992
10.8275479142	-44.8749125907	-16.9757200547	48.280418396
10.864127468	-44.8415478982	-16.9907154221	45.5340194702
10.9007070218	-44.8081832056	-17.0057107895	40.8206787109
10.9372865755	-44.7748185131	-17.020706157	39.2833213806
10.9738661293	-44.7414538205	-17.0357015244	38.3216705322
11.0104456831	-44.708089128	-17.0506968919	42.175868988
11.0470252368	-44.6747244354	-17.0656922593	36.3997917175
11.0836047906	-44.6413597429	-17.0806876267	37.7986412048
11.1201843443	-44.6079950503	-17.0956829942	45.7347984314
11.1567638981	-44.5746303578	-17.1106783616	36.200920105
11.1933434519	-44.5412656652	-17.125673729	45.4751281738
11.2299230056	-44.5079009727	-17.1406690965	44.5905914307
11.2665025594	-44.4745362801	-17.1556644639	56.0743217468
11.3030821132	-44.4411715876	-17.1706598314	50.1624298096
11.3396616669	-44.407806895	-17.1856551988	48.8018493652
11.3762412207	-44.3744422025	-17.2006505662	32.6314086914
11.4128207745	-44.3410775099	-17.2156459337	45.0203208923
11.4494003282	-44.3077128174	-17.2306413011	37.5974388123
11.485979882	-44.2743481248	-17.2456366686	30.7987709045
11.5225594358	-44.2409834323	-17.260632036	38.3330383301
11.5591389895	-44.2076187397	-17.2756274034	39.6328582764
11.5957185433	-44.1742540472	-17.2906227709	41.1888389587
11.632298097	-44.1408893546	-17.3056181383	38.7233886719
11.6688776508	-44.1075246621	-17.3206135057	37.4416809082
11.7054572046	-44.0741599695	-17.3356088732	41.8443107605
11.7420367583	-44.040795277	-17.3506042406	42.1839904785
11.7786163121	-44.0074305844	-17.3655996081	42.6957588196
11.8151958659	-43.9740658919	-17.3805949755	45.2850914001
11.8517754196	-43.9407011993	-17.3955903429	48.9505805969
11.8883549734	-43.9073365068	-17.4105857104	44.0713996887
11.9249345272	-43.8739718142	-17.4255810778	39.1588783264
11.9615140809	-43.8406071217	-17.4405764453	55.7400283813
11.9980936347	-43.8072424291	-17.4555718127	51.9061012268
12.0346731885	-43.7738777366	-17.4705671801	34.3733100891
12.0712527422	-43.740513044	-17.4855625476	50.3961181641
12.107832296	-43.7071483515	-17.500557915	59.6170501709
12.1444118497	-43.6737836589	-17.5155532824	55.1347618103
12.1809914035	-43.6404189664	-17.5305486499	61.869140625
12.2175709573	-43.6070542738	-17.5455440173	48.6587791443
12.254150511	-43.5736895813	-17.5605393848	56.7330818176
12.2907300648	-43.5403248887	-17.5755347522	49.1328201294
12.3273096186	-43.5069601962	-17.5905301196	48.6143684387
12.3638891723	-43.4735955036	-17.6055254871	49.7447013855
12.4004687261	-43.4402308111	-17.6205208545	45.8397483826
12.4370482799	-43.4068661185	-17.6355162219	55.571849823
12.4736278336	-43.373501426	-17.6505115894	55.0880012512
12.5102073874	-43.3401367334	-17.6655069568	63.6514015198
12.5467869412	-43.3067720409	-17.6805023243	49.4285011292
12.5833664949	-43.2734073483	-17.6954976917	49.0836906433
12.6199460487	-43.2400426558	-17.7104930591	45.5525016785
12.6565256024	-43.2066779632	-17.7254884266	47.2110099792
12.6931051562	-43.1733132707	-17.740483794	44.8836097717
12.72968471	-43.1399485781	-17.7554791615	42.6062583923
12.7662642637	-43.1065838856	-17.7704745289	34.2480010986
12.8028438175	-43.073219193	-17.7854698963	39.0621299744
12.8394233713	-43.0398545005	-17.8004652638	40.6020202637
12.876002925	-43.0064898079	-17.8154606312	37.4295196533
12.9125824788	-42.9731251154	-17.8304559986	41.2365493774
12.9491620326	-42.9397604228	-17.8454513661	42.7553215027
12.9857415863	-42.9063957303	-17.8604467335	38.2109794617
13.0223211401	-42.8730310377	-17.875442101	45.7954292297
13.0589006939	-42.8396663452	-17.8904374684	46.5694198608
13.0954802476	-42.8063016526	-17.9054328358	44.5770111084
13.1320598014	-42.7729369601	-17.9204282033	50.6759300232
13.1686393551	-42.7395722675	-17.9354235707	45.9158782959
13.2052189089	-42.706207575	-17.9504189382	54.1247787476
13.2417984627	-42.6728428824	-17.9654143056	61.8671417236
13.2783780164	-42.6394781899	-17.980409673	61.6572914124
13.3149575702	-42.6061134973	-17.9954050405	56.2388916016
13.351537124	-42.5727488048	-18.0104004079	68.7236785889
13.3881166777	-42.5393841122	-18.0253957753	71.1546783447
13.4246962315	-42.5060194197	-18.0403911428	71.344291687
13.4612757853	-42.4726547271	-18.0553865102	74.9304122925
13.497855339	-42.4392900346	-18.0703818777	73.9490890503
13.5344348928	-42.405925342	-18.0853772451	83.5470199585
13.5710144466	-42.3725606495	-18.1003726125	90.8751525879
13.6075940003	-42.3391959569	-18.11536798	92.2046813965
13.6441735541	-42.3058312644	-18.1303633474	89.2735366821
13.6807531078	-42.2724665718	-18.1453587149	92.9064331055
13.7173326616	-42.2391018793	-18.1603540823	104.431488037
13.7539122154	-42.2057371867	-18.1753494497	105.101158142
13.7904917691	-42.1723724942	-18.1903448172	91.6097564697
13.8270713229	-42.1390078016	-18.2053401846	97.3812637329
13.8636508767	-42.1056431091	-18.220335552	96.83152771
13.9002304304	-42.0722784165	-18.2353309195	89.1357727051
13.9368099842	-42.038913724	-18.2503262869	87.9812011719
13.973389538	-42.0055490314	-18.2653216544	89.0388870239
14.0099690917	-41.9721843389	-18.2803170218	95.5093917847
14.0465486455	-41.9388196463	-18.2953123892	92.4926528931
14.0831281993	-41.9054549538	-18.3103077567	87.3317565918
14.119707753	-41.8720902612	-18.3253031241	95.9769668579
14.1562873068	-41.8387255687	-18.3402984916	91.2524871826
14.1928668605	-41.8053608761	-18.355293859	85.5416717529
14.2294464143	-41.7719961836	-18.3702892264	89.1794204712
14.2660259681	-41.738631491	-18.3852845939	80.0360336304
14.3026055218	-41.7052667985	-18.4002799613	86.5451583862
14.3391850756	-41.6719021059	-18.4152753287	80.2590103149
14.3757646294	-41.6385374134	-18.4302706962	76.8787231445
14.4123441831	-41.6051727208	-18.4452660636	78.0620422363
14.4489237369	-41.5718080282	-18.4602614311	76.9030990601
14.4855032907	-41.5384433357	-18.4752567985	83.5055084229
14.5220828444	-41.5050786431	-18.4902521659	81.267288208
14.5586623982	-41.4717139506	-18.5052475334	71.6027526855
14.595241952	-41.438349258	-18.5202429008	68.8074111938
14.6318215057	-41.4049845655	-18.5352382683	71.6105728149
14.6684010595	-41.3716198729	-18.5502336357	82.0183868408
14.7049806132	-41.3382551804	-18.5652290031	78.4955596924
14.741560167	-41.3048904878	-18.5802243706	70.1682281494
14.7781397208	-41.2715257953	-18.595219738	72.3331985474
14.8147192745	-41.2381611027	-18.6102151054	69.3818817139
14.8512988283	-41.2047964102	-18.6252104729	65.8458862305
14.8878783821	-41.1714317176	-18.6402058403	69.2203216553
14.9244579358	-41.1380670251	-18.6552012078	80.4806137085
14.9610374896	-41.1047023325	-18.6701965752	87.0069503784
14.9976170434	-41.07133764	-18.6851919426	80.6891021729
15.0341965971	-41.0379729474	-18.7001873101	81.8142776489
15.0707761509	-41.0046082549	-18.7151826775	95.4064025879
15.1073557047	-40.9712435623	-18.730178045	84.5735473633
15.1439352584	-40.9378788698	-18.7451734124	78.075088501
15.1805148122	-40.9045141772	-18.7601687798	94.9885025024
15.2170943659	-40.8711494847	-18.7751641473	95.8411636353
15.2536739197	-40.8377847921	-18.7901595147	105.454811096
15.2902534735	-40.8044200996	-18.8051548821	108.849731445
15.3268330272	-40.771055407	-18.8201502496	108.062286377
15.363412581	-40.7376907145	-18.835145617	109.172286987
15.3999921348	-40.7043260219	-18.8501409845	94.1298980713
15.4365716885	-40.6709613294	-18.8651363519	117.072502136
15.4731512423	-40.6375966368	-18.8801317193	120.193153381
15.5097307961	-40.6042319443	-18.8951270868	120.914016724
15.5463103498	-40.5708672517	-18.9101224542	121.898231506
15.5828899036	-40.5375025592	-18.9251178217	122.476409912
15.6194694574	-40.5041378666	-18.9401131891	120.997848511
15.6560490111	-40.4707731741	-18.9551085565	118.804222107
15.6926285649	-40.4374084815	-18.970103924	126.870773315
15.7292081186	-40.404043789	-18.9850992914	130.34828186
15.7657876724	-40.3706790964	-19.0000946588	128.625839233
15.8023672262	-40.3373144039	-19.0150900263	133.283096313
15.8389467799	-40.3039497113	-19.0300853937	136.383880615
15.8755263337	-40.2705850188	-19.0450807612	139.905853271
15.9121058875	-40.2372203262	-19.0600761286	142.957595825
15.9486854412	-40.2038556337	-19.075071496	144.8697052
15.985264995	-40.1704909411	-19.0900668635	144.859634399
16.0218445488	-40.1371262486	-19.1050622309	147.265274048
16.0584241025	-40.103761556	-19.1200575983	146.384765625
16.0950036563	-40.0703968635	-19.1350529658	147.119537354
16.1315832101	-40.0370321709	-19.1500483332	145.823242188
16.1681627638	-40.0036674784	-19.1650437007	147.555404663
16.2047423176	-39.9703027858	-19.1800390681	151.43057251
16.2413218713	-39.9369380933	-19.1950344355	156.926757812
16.2779014251	-39.9035734007	-19.210029803	160.382919312
16.3144809789	-39.8702087082	-19.2250251704	165.11366272
16.3510605326	-39.8368440156	-19.2400205379	166.984863281
16.3876400864	-39.8034793231	-19.2550159053	175.022064209
16.4242196402	-39.7701146305	-19.2700112727	180.562347412
16.4607991939	-39.736749938	-19.2850066402	188.227416992
16.4973787477	-39.7033852454	-19.3000020076	188.7605896
16.5339583015	-39.6700205529	-19.314997375	186.647872925
16.5705378552	-39.6366558603	-19.3299927425	190.525177002
16.607117409	-39.6032911678	-19.3449881099	187.338516235
16.6436969628	-39.5699264752	-19.3599834774	187.641601562
16.6802765165	-39.5365617827	-19.3749788448	184.504058838
16.7168560703	-39.5031970901	-19.3899742122	183.250091553
16.7534356241	-39.4698323976	-19.4049695797	180.367263794
16.7900151778	-39.436467705	-19.4199649471	181.975296021
16.8265947316	-39.4031030125	-19.4349603146	179.881057739
16.8631742853	-39.3697383199	-19.449955682	177.805236816
16.8997538391	-39.3363736274	-19.4649510494	178.492294312
16.9363333929	-39.3030089348	-19.4799464169	175.054046631
16.9729129466	-39.2696442423	-19.4949417843	177.983337402
17.0094925004	-39.2362795497	-19.5099371517	175.746795654
17.0460720542	-39.2029148572	-19.5249325192	181.151657104
17.0826516079	-39.1695501646	-19.5399278866	185.271362305
17.1192311617	-39.1361854721	-19.5549232541	197.175567627
17.1558107155	-39.1028207795	-19.5699186215	193.498947144
17.1923902692	-39.069456087	-19.5849139889	200.821212769
17.228969823	-39.0360913944	-19.5999093564	198.856414795
17.2655493768	-39.0027267019	-19.6149047238	197.600601196
17.3021289305	-38.9693620093	-19.6299000913	195.848205566
17.3387084843	-38.9359973168	-19.6448954587	199.359222412
17.375288038	-38.9026326242	-19.6598908261	197.393493652
17.4118675918	-38.8692679317	-19.6748861936	197.553863525
17.4484471456	-38.8359032391	-19.689881561	197.276428223
17.4850266993	-38.8025385466	-19.7048769284	200.689208984
17.5216062531	-38.769173854	-19.7198722959	209.664337158
17.5581858069	-38.7358091615	-19.7348676633	216.984542847
17.5947653606	-38.7024444689	-19.7498630308	225.194885254
17.6313449144	-38.6690797764	-19.7648583982	234.124664307
17.6679244682	-38.6357150838	-19.7798537656	241.457214355
17.7045040219	-38.6023503913	-19.7948491331	247.126907349
17.7410835757	-38.5689856987	-19.8098445005	251.401229858
17.7776631295	-38.5356210062	-19.824839868	259.940124512
17.8142426832	-38.5022563136	-19.8398352354	266.243530273
17.850822237	-38.4688916211	-19.8548306028	271.979156494
17.8874017907	-38.4355269285	-19.8698259703	272.151031494
17.9239813445	-38.402162236	-19.8848213377	266.760772705
17.9605608983	-38.3687975434	-19.8998167051	262.489990234
17.997140452	-38.3354328509	-19.9148120726	257.250244141
18.0337200058	-38.3020681583	-19.92980744	250.845962524
18.0702995596	-38.2687034658	-19.9448028075	248.23109436
18.1068791133	-38.2353387732	-19.9597981749	252.770812988
18.1434586671	-38.2019740807	-19.9747935423	253.087387085
18.1800382209	-38.1686093881	-19.9897889098	255.903213501
18.2166177746	-38.1352446956	-20.0047842772	253.071853638
18.2531973284	-38.101880003	-20.0197796447	250.153411865
18.2897768822	-38.0685153105	-20.0347750121	276.755310059
18.3263564359	-38.0351506179	-20.0497703795	302.988067627
18.3629359897	-38.0017859254	-20.064765747	306.538391113
18.3995155434	-37.9684212328	-20.0797611144	297.86895752
18.4360950972	-37.9350565403	-20.0947564818	286.731842041
18.472674651	-37.9016918477	-20.1097518493	284.973449707
18.5092542047	-37.8683271552	-20.1247472167	278.270690918
18.5458337585	-37.8349624626	-20.1397425842	277.143310547
18.5824133123	-37.8015977701	-20.1547379516	274.996612549
18.618992866	-37.7682330775	-20.169733319	277.612213135
18.6555724198	-37.734868385	-20.1847286865	280.247070312
18.6921519736	-37.7015036924	-20.1997240539	283.097167969
18.7287315273	-37.6681389999	-20.2147194214	285.290527344
18.7653110811	-37.6347743073	-20.2297147888	291.997070312
18.8018906349	-37.6014096148	-20.2447101562	298.323516846
18.8384701886	-37.5680449222	-20.2597055237	301.100372314
18.8750497424	-37.5346802297	-20.2747008911	300.265228271
18.9116292961	-37.5013155371	-20.2896962585	295.582733154
18.9482088499	-37.4679508445	-20.304691626	292.743499756
18.9847884037	-37.434586152	-20.3196869934	292.620880127
19.0213679574	-37.4012214594	-20.3346823609	293.796539307
19.0579475112	-37.3678567669	-20.3496777283	300.4402771
19.094527065	-37.3344920743	-20.3646730957	311.866912842
19.1311066187	-37.3011273818	-20.3796684632	321.706512451
19.1676861725	-37.2677626892	-20.3946638306	326.361785889
19.2042657263	-37.2343979967	-20.4096591981	322.264221191
19.24084528	-37.2010333041	-20.4246545655	329.374511719
19.2774248338	-37.1676686116	-20.4396499329	327.263641357
19.3140043876	-37.134303919	-20.4546453004	357.128448486
19.3505839413	-37.1009392265	-20.4696406678	370.443115234
19.3871634951	-37.0675745339	-20.4846360352	381.142028809
19.4237430488	-37.0342098414	-20.4996314027	377.689727783
19.4603226026	-37.0008451488	-20.5146267701	372.183105469
19.4969021564	-36.9674804563	-20.5296221376	367.423339844
19.5334817101	-36.9341157637	-20.544617505	369.400299072
19.5700612639	-36.9007510712	-20.5596128724	373.908752441
19.6066408177	-36.8673863786	-20.5746082399	385.163787842
19.6432203714	-36.8340216861	-20.5896036073	382.958984375
19.6797999252	-36.8006569935	-20.6045989747	383.801422119
19.716379479	-36.767292301	-20.6195943422	378.888336182
19.7529590327	-36.7339276084	-20.6345897096	385.7472229
19.7895385865	-36.7005629159	-20.6495850771	389.586700439
19.8261181403	-36.6671982233	-20.6645804445	379.814300537
19.862697694	-36.6338335308	-20.6795758119	380.471099854
19.8992772478	-36.6004688382	-20.6945711794	384.779449463
19.9358568015	-36.5671041457	-20.7095665468	387.272460938
19.9724363553	-36.5337394531	-20.7245619143	388.611297607
20.0090159091	-36.5003747606	-20.7395572817	389.87689209
20.0455954628	-36.467010068	-20.7545526491	390.033752441
20.0821750166	-36.4336453755	-20.7695480166	388.254150391
20.1187545704	-36.4002806829	-20.784543384	389.074859619
20.1553341241	-36.3669159904	-20.7995387514	390.646759033
20.1919136779	-36.3335512978	-20.8145341189	390.780029297
20.2284932317	-36.3001866053	-20.8295294863	392.03125
20.2650727854	-36.2668219127	-20.8445248538	394.05657959
20.3016523392	-36.2334572202	-20.8595202212	397.601379395
20.338231893	-36.2000925276	-20.8745155886	400.177520752
20.3748114467	-36.1667278351	-20.8895109561	405.47668457
20.4113910005	-36.1333631425	-20.9045063235	408.730010986
20.4479705542	-36.09999845	-20.919501691	411.217834473
20.484550108	-36.0666337574	-20.9344970584	411.097564697
20.5211296618	-36.0332690649	-20.9494924258	411.371765137
20.5577092155	-35.9999043723	-20.9644877933	416.435913086
20.5942887693	-35.9665396798	-20.9794831607	421.975891113
20.6308683231	-35.9331749872	-20.9944785281	424.071899414
20.6674478768	-35.8998102947	-21.0094738956	421.315429688
20.7040274306	-35.8664456021	-21.024469263	410.564178467
20.7406069844	-35.8330809096	-21.0394646305	407.357727051
20.7771865381	-35.799716217	-21.0544599979	405.676239014
20.8137660919	-35.7663515245	-21.0694553653	410.747436523
20.8503456457	-35.7329868319	-21.0844507328	416.281341553
20.8869251994	-35.6996221394	-21.0994461002	418.384002686
20.9235047532	-35.6662574468	-21.1144414677	417.87008667
20.9600843069	-35.6328927543	-21.1294368351	415.502075195
20.9966638607	-35.5995280617	-21.1444322025	415.203033447
21.0332434145	-35.5661633692	-21.15942757	417.29385376
21.0698229682	-35.5327986766	-21.1744229374	420.166564941
21.106402522	-35.4994339841	-21.1894183048	421.49041748
21.1429820758	-35.4660692915	-21.2044136723	420.454223633
21.1795616295	-35.432704599	-21.2194090397	421.363983154
21.2161411833	-35.3993399064	-21.2344044072	423.697967529
21.2527207371	-35.3659752139	-21.2493997746	425.564453125
21.2893002908	-35.3326105213	-21.264395142	428.546539307
21.3258798446	-35.2992458288	-21.2793905095	427.628143311
21.3624593984	-35.2658811362	-21.2943858769	428.306304932
21.3990389521	-35.2325164437	-21.3093812444	427.355834961
21.4356185059	-35.1991517511	-21.3243766118	428.24206543
21.4721980596	-35.1657870586	-21.3393719792	429.34262085
21.5087776134	-35.132422366	-21.3543673467	431.855773926
21.5453571672	-35.0990576735	-21.3693627141	432.734130859
21.5819367209	-35.0656929809	-21.3843580815	433.50088501
21.6185162747	-35.0323282884	-21.399353449	433.922027588
21.6550958285	-34.9989635958	-21.4143488164	434.255187988
21.6916753822	-34.9655989033	-21.4293441839	436.546661377
21.728254936	-34.9322342107	-21.4443395513	437.481414795
21.7648344898	-34.8988695182	-21.4593349187	438.674499512
21.8014140435	-34.8655048256	-21.4743302862	440.17010498
21.8379935973	-34.8321401331	-21.4893256536	438.012512207
21.8745731511	-34.7987754405	-21.5043210211	440.889587402
21.9111527048	-34.765410748	-21.5193163885	443.430297852
21.9477322586	-34.7320460554	-21.5343117559	444.869110107
21.9843118123	-34.6986813629	-21.5493071234	445.358612061
