Profundidade (m) amplitude
0.000000 0.000000
0.078125 0.000000
0.156250 1.000000
0.234375 1.000000
0.312500 1.000000
0.390625 1.000000
0.468750 0.000000
0.546875 -1.000000
0.625000 -1.000000
0.703125 0.000000
0.781250 1.000000
0.859375 3.000000
0.937500 4.000000
1.015625 3.000000
1.093750 2.000000
1.171875 1.000000
1.250000 1.000000
1.328125 1.000000
1.406250 3.000000
1.484375 3.000000
1.562500 2.000000
1.640625 2.000000
1.718750 3.000000
1.796875 3.000000
1.875000 2.000000
1.953125 0.000000
2.031250 -2.000000
2.109375 -4.000000
2.187500 -4.000000
2.265625 -3.000000
2.343750 -1.000000
2.421875 3.000000
2.500000 7.000000
2.578125 12.000000
2.656250 16.000000
2.734375 17.000000
2.812500 19.000000
2.890625 22.000000
2.968750 25.000000
3.046875 28.000000
3.125000 28.000000
3.203125 28.000000
3.281250 27.000000
3.359375 24.000000
3.437500 19.000000
3.515625 11.000000
3.593750 3.000000
3.671875 -3.000000
3.750000 -7.000000
3.828125 -12.000000
3.906250 -20.000000
3.984375 -30.000000
4.062500 -41.000000
4.140625 -51.000000
4.218750 -64.000000
4.296875 -78.000000
4.375000 -91.000000
4.453125 -103.000000
4.531250 -113.000000
4.609375 -119.000000
4.687500 -123.000000
4.765625 -125.000000
4.843750 -124.000000
4.921875 -123.000000
5.000000 -119.000000
5.078125 -112.000000
5.156250 -103.000000
5.234375 -90.000000
5.312500 -77.000000
5.390625 -63.000000
5.468750 -48.000000
5.546875 -30.000000
5.625000 -11.000000
5.703125 7.000000
5.781250 24.000000
5.859375 39.000000
5.937500 51.000000
6.015625 63.000000
6.093750 75.000000
6.171875 88.000000
6.250000 104.000000
6.328125 119.000000
6.406250 129.000000
6.484375 133.000000
6.562500 131.000000
6.640625 122.000000
6.718750 110.000000
6.796875 97.000000
6.875000 88.000000
6.953125 91.000000
7.031250 115.000000
7.109375 163.000000
7.187500 237.000000
7.265625 336.000000
7.343750 459.000000
7.421875 610.000000
7.500000 793.000000
7.578125 1011.000000
7.656250 1263.000000
7.734375 1551.000000
7.812500 1879.000000
7.890625 2257.000000
7.968750 2685.000000
8.046875 3148.000000
8.125000 3632.000000
8.203125 4124.000000
8.281250 4580.000000
8.359375 4942.000000
8.437500 5156.000000
8.515625 5170.000000
8.593750 4941.000000
8.671875 4459.000000
8.750000 3719.000000
8.828125 2729.000000
8.906250 1519.000000
8.984375 155.000000
9.062500 -1285.000000
9.140625 -2709.000000
9.218750 -4013.000000
9.296875 -5116.000000
9.375000 -5954.000000
9.453125 -6483.000000
9.531250 -6675.000000
9.609375 -6531.000000
9.687500 -6088.000000
9.765625 -5400.000000
9.843750 -4535.000000
9.921875 -3573.000000
10.000000 -2601.000000
10.078125 -1705.000000
10.156250 -972.000000
10.234375 -464.000000
10.312500 -222.000000
10.390625 -270.000000
10.468750 -613.000000
10.546875 -1214.000000
10.625000 -2030.000000
10.703125 -3018.000000
10.781250 -4099.000000
10.859375 -5171.000000
10.937500 -6150.000000
11.015625 -6956.000000
11.093750 -7521.000000
11.171875 -7794.000000
11.250000 -7760.000000
11.328125 -7415.000000
11.406250 -6768.000000
11.484375 -5851.000000
11.562500 -4715.000000
11.640625 -3408.000000
11.718750 -1968.000000
11.796875 -454.000000
11.875000 1056.000000
11.953125 2492.000000
12.031250 3793.000000
12.109375 4916.000000
12.187500 5818.000000
12.265625 6484.000000
12.343750 6906.000000
12.421875 7084.000000
12.500000 7021.000000
12.578125 6727.000000
12.656250 6228.000000
12.734375 5564.000000
12.812500 4781.000000
12.890625 3913.000000
12.968750 2992.000000
13.046875 2068.000000
13.125000 1185.000000
13.203125 386.000000
13.281250 -296.000000
13.359375 -839.000000
13.437500 -1222.000000
13.515625 -1427.000000
13.593750 -1479.000000
13.671875 -1415.000000
13.750000 -1257.000000
13.828125 -1039.000000
13.906250 -786.000000
13.984375 -522.000000
14.062500 -256.000000
14.140625 -29.000000
14.218750 151.000000
14.296875 286.000000
14.375000 349.000000
14.453125 330.000000
14.531250 229.000000
14.609375 88.000000
14.687500 -81.000000
14.765625 -282.000000
14.843750 -517.000000
14.921875 -761.000000
15.000000 -967.000000
15.078125 -1122.000000
15.156250 -1223.000000
15.234375 -1255.000000
15.312500 -1214.000000
15.390625 -1097.000000
15.468750 -904.000000
15.546875 -635.000000
15.625000 -304.000000
15.703125 78.000000
15.781250 470.000000
15.859375 845.000000
15.937500 1175.000000
16.015625 1465.000000
16.093750 1727.000000
16.171875 1959.000000
16.250000 2160.000000
16.328125 2312.000000
16.406250 2406.000000
16.484375 2425.000000
16.562500 2385.000000
16.640625 2316.000000
16.718750 2222.000000
16.796875 2107.000000
16.875000 1952.000000
16.953125 1756.000000
17.031250 1496.000000
17.109375 1184.000000
17.187500 839.000000
17.265625 463.000000
17.343750 67.000000
17.421875 -331.000000
17.500000 -722.000000
17.578125 -1077.000000
17.656250 -1375.000000
17.734375 -1618.000000
17.812500 -1799.000000
17.890625 -1899.000000
17.968750 -1949.000000
18.046875 -1913.000000
18.125000 -1781.000000
18.203125 -1588.000000
18.281250 -1405.000000
18.359375 -1259.000000
18.437500 -1149.000000
18.515625 -1046.000000
18.593750 -964.000000
18.671875 -902.000000
18.750000 -850.000000
18.828125 -842.000000
18.906250 -889.000000
18.984375 -939.000000
19.062500 -942.000000
19.140625 -887.000000
19.218750 -810.000000
19.296875 -727.000000
19.375000 -639.000000
19.453125 -492.000000
19.531250 -252.000000
19.609375 33.000000
19.687500 359.000000
19.765625 703.000000
19.843750 1053.000000
19.921875 1376.000000
20.000000 1702.000000
20.078125 2042.000000
20.156250 2383.000000
20.234375 2736.000000
20.312500 2986.000000
20.390625 3158.000000
20.468750 3308.000000
20.546875 3469.000000
20.625000 3572.000000
20.703125 3589.000000
20.781250 3563.000000
20.859375 3540.000000
20.937500 3513.000000
21.015625 3442.000000
21.093750 3312.000000
21.171875 3187.000000
21.250000 3045.000000
21.328125 2894.000000
21.406250 2713.000000
21.484375 2505.000000
21.562500 2284.000000
21.640625 2025.000000
21.718750 1702.000000
21.796875 1291.000000
21.875000 796.000000
21.953125 249.000000
22.031250 -261.000000
22.109375 -778.000000
22.187500 -1270.000000
22.265625 -1645.000000
22.343750 -1974.000000
22.421875 -2296.000000
22.500000 -2552.000000
22.578125 -2607.000000
22.656250 -2503.000000
22.734375 -2324.000000
22.812500 -2176.000000
22.890625 -2027.000000
22.968750 -1733.000000
23.046875 -1256.000000
23.125000 -687.000000
23.203125 -227.000000
23.281250 82.000000
23.359375 276.000000
23.437500 399.000000
23.515625 486.000000
23.593750 538.000000
23.671875 490.000000
23.750000 336.000000
23.828125 76.000000
23.906250 -299.000000
23.984375 -649.000000
24.062500 -934.000000
24.140625 -1277.000000
24.218750 -1606.000000
24.296875 -1955.000000
24.375000 -2210.000000
24.453125 -2368.000000
24.531250 -2408.000000
24.609375 -2311.000000
24.687500 -2165.000000
24.765625 -1960.000000
24.843750 -1814.000000
24.921875 -1755.000000
25.000000 -1718.000000
25.078125 -1609.000000
25.156250 -1418.000000
25.234375 -1267.000000
25.312500 -1187.000000
25.390625 -1106.000000
25.468750 -988.000000
25.546875 -912.000000
25.625000 -895.000000
25.703125 -1057.000000
25.781250 -1247.000000
25.859375 -1315.000000
25.937500 -1361.000000
26.015625 -1328.000000
26.093750 -1121.000000
26.171875 -920.000000
26.250000 -676.000000
26.328125 -436.000000
26.406250 -321.000000
26.484375 -300.000000
26.562500 -69.000000
26.640625 299.000000
26.718750 758.000000
26.796875 1267.000000
26.875000 1619.000000
26.953125 1691.000000
27.031250 1577.000000
27.109375 1382.000000
27.187500 1112.000000
27.265625 920.000000
27.343750 724.000000
27.421875 561.000000
27.500000 550.000000
27.578125 699.000000
27.656250 799.000000
27.734375 966.000000
27.812500 1172.000000
27.890625 1223.000000
27.968750 1236.000000
28.046875 1280.000000
28.125000 1364.000000
28.203125 1201.000000
28.281250 745.000000
28.359375 293.000000
28.437500 25.000000
28.515625 -11.000000
28.593750 114.000000
28.671875 244.000000
28.750000 318.000000
28.828125 265.000000
28.906250 133.000000
28.984375 51.000000
29.062500 66.000000
29.140625 -62.000000
29.218750 -607.000000
29.296875 -1311.000000
29.375000 -2037.000000
29.453125 -2728.000000
29.531250 -3383.000000
29.609375 -3997.000000
29.687500 -4448.000000
29.765625 -4895.000000
29.843750 -5348.000000
29.921875 -5486.000000
30.000000 -5255.000000
30.078125 -4753.000000
30.156250 -4049.000000
30.234375 -3296.000000
30.312500 -2763.000000
30.390625 -2359.000000
30.468750 -1842.000000
30.546875 -1315.000000
30.625000 -906.000000
30.703125 -532.000000
30.781250 -421.000000
30.859375 -283.000000
30.937500 0.000000
31.015625 482.000000
31.093750 1033.000000
31.171875 1570.000000
31.250000 2083.000000
31.328125 2379.000000
31.406250 2676.000000
31.484375 2878.000000
31.562500 2936.000000
31.640625 2869.000000
31.718750 2836.000000
31.796875 2847.000000
31.875000 2701.000000
31.953125 2614.000000
32.031250 2682.000000
32.109375 2844.000000
32.187500 2974.000000
32.265625 3059.000000
32.343750 2959.000000
32.421875 2887.000000
32.500000 2740.000000
32.578125 2580.000000
32.656250 2471.000000
32.734375 2117.000000
32.812500 1114.000000
32.890625 -178.000000
32.968750 -1290.000000
33.046875 -2365.000000
33.125000 -3252.000000
33.203125 -3779.000000
33.281250 -4167.000000
33.359375 -4424.000000
33.437500 -4475.000000
33.515625 -4288.000000
33.593750 -4121.000000
33.671875 -4012.000000
33.750000 -3781.000000
33.828125 -3476.000000
33.906250 -3145.000000
33.984375 -2779.000000
34.062500 -2444.000000
34.140625 -2259.000000
34.218750 -2243.000000
34.296875 -2068.000000
34.375000 -1595.000000
34.453125 -840.000000
34.531250 -34.000000
34.609375 605.000000
34.687500 1145.000000
34.765625 1733.000000
34.843750 2394.000000
34.921875 2834.000000
35.000000 3011.000000
35.078125 2763.000000
35.156250 2331.000000
35.234375 2046.000000
35.312500 1820.000000
35.390625 2004.000000
35.468750 2382.000000
35.546875 2984.000000
35.625000 3748.000000
35.703125 4475.000000
35.781250 5120.000000
35.859375 5600.000000
35.937500 5923.000000
36.015625 5927.000000
36.093750 5816.000000
36.171875 5864.000000
36.250000 5842.000000
36.328125 5460.000000
36.406250 4779.000000
36.484375 3918.000000
36.562500 3093.000000
36.640625 2535.000000
36.718750 2267.000000
36.796875 2099.000000
36.875000 1938.000000
36.953125 1648.000000
37.031250 1573.000000
37.109375 1536.000000
37.187500 1549.000000
37.265625 1766.000000
37.343750 2018.000000
37.421875 2024.000000
37.500000 2071.000000
37.578125 2271.000000
37.656250 2447.000000
37.734375 2768.000000
37.812500 2843.000000
37.890625 2588.000000
37.968750 2316.000000
38.046875 2161.000000
38.125000 2049.000000
38.203125 2178.000000
38.281250 2426.000000
38.359375 2466.000000
38.437500 2196.000000
38.515625 1602.000000
38.593750 1095.000000
38.671875 1198.000000
38.750000 1443.000000
38.828125 1583.000000
38.906250 1563.000000
38.984375 1505.000000
39.062500 1419.000000
39.140625 1427.000000
39.218750 1301.000000
39.296875 847.000000
39.375000 449.000000
39.453125 222.000000
39.531250 -36.000000
39.609375 -644.000000
39.687500 -1372.000000
39.765625 -2096.000000
39.843750 -2505.000000
39.921875 -2425.000000
40.000000 -2136.000000
40.078125 -1741.000000
40.156250 -1420.000000
40.234375 -1127.000000
40.312500 -842.000000
40.390625 -486.000000
40.468750 -179.000000
40.546875 147.000000
40.625000 452.000000
40.703125 625.000000
40.781250 812.000000
40.859375 1263.000000
40.937500 1760.000000
41.015625 2054.000000
41.093750 2121.000000
41.171875 2363.000000
41.250000 2375.000000
41.328125 2288.000000
41.406250 2190.000000
41.484375 1906.000000
41.562500 1483.000000
41.640625 991.000000
41.718750 447.000000
41.796875 -149.000000
41.875000 -844.000000
41.953125 -1643.000000
42.031250 -2836.000000
42.109375 -3829.000000
42.187500 -4524.000000
42.265625 -5100.000000
42.343750 -5786.000000
42.421875 -6013.000000
42.500000 -5508.000000
42.578125 -4652.000000
42.656250 -3838.000000
42.734375 -3399.000000
42.812500 -3661.000000
42.890625 -4326.000000
42.968750 -5022.000000
43.046875 -5243.000000
43.125000 -5019.000000
43.203125 -4958.000000
43.281250 -5123.000000
43.359375 -5385.000000
43.437500 -5571.000000
43.515625 -5417.000000
43.593750 -4788.000000
43.671875 -4415.000000
43.750000 -4638.000000
43.828125 -5354.000000
43.906250 -6064.000000
43.984375 -7018.000000
44.062500 -7441.000000
44.140625 -7098.000000
44.218750 -5918.000000
44.296875 -4582.000000
44.375000 -3166.000000
44.453125 -1693.000000
44.531250 -230.000000
44.609375 956.000000
44.687500 1538.000000
44.765625 1791.000000
44.843750 2581.000000
44.921875 3838.000000
45.000000 5321.000000
45.078125 6737.000000
45.156250 8155.000000
45.234375 9034.000000
45.312500 9516.000000
45.390625 9710.000000
45.468750 9655.000000
45.546875 9197.000000
45.625000 8318.000000
45.703125 8252.000000
45.781250 8800.000000
45.859375 9006.000000
45.937500 8848.000000
46.015625 8432.000000
46.093750 8209.000000
46.171875 8034.000000
46.250000 7699.000000
46.328125 6557.000000
46.406250 5035.000000
46.484375 3058.000000
46.562500 1354.000000
46.640625 265.000000
46.718750 -162.000000
46.796875 -191.000000
46.875000 -155.000000
46.953125 -248.000000
47.031250 -554.000000
47.109375 -1389.000000
47.187500 -2391.000000
47.265625 -3174.000000
47.343750 -3649.000000
47.421875 -4319.000000
47.500000 -4650.000000
47.578125 -4970.000000
47.656250 -5857.000000
47.734375 -7168.000000
47.812500 -8354.000000
47.890625 -9116.000000
47.968750 -9414.000000
48.046875 -9174.000000
48.125000 -8704.000000
48.203125 -7960.000000
48.281250 -7516.000000
48.359375 -7607.000000
48.437500 -8047.000000
48.515625 -8415.000000
48.593750 -8925.000000
48.671875 -9557.000000
48.750000 -10303.000000
48.828125 -10922.000000
48.906250 -11105.000000
48.984375 -11095.000000
49.062500 -10761.000000
49.140625 -10391.000000
49.218750 -10316.000000
49.296875 -9759.000000
49.375000 -8550.000000
49.453125 -7109.000000
49.531250 -6048.000000
49.609375 -5513.000000
49.687500 -5340.000000
49.765625 -5418.000000
49.843750 -5225.000000
49.921875 -4939.000000
50.000000 -4072.000000
50.078125 -2419.000000
50.156250 -755.000000
50.234375 287.000000
50.312500 446.000000
50.390625 328.000000
50.468750 795.000000
50.546875 1581.000000
50.625000 2186.000000
50.703125 3016.000000
50.781250 3857.000000
50.859375 4464.000000
50.937500 4935.000000
51.015625 5532.000000
51.093750 6146.000000
51.171875 6498.000000
51.250000 6110.000000
51.328125 5895.000000
51.406250 6145.000000
51.484375 6526.000000
51.562500 6707.000000
51.640625 7268.000000
51.718750 7657.000000
51.796875 7911.000000
51.875000 8136.000000
51.953125 8567.000000
52.031250 9246.000000
52.109375 9508.000000
52.187500 9123.000000
52.265625 8614.000000
52.343750 7797.000000
52.421875 7087.000000
52.500000 6559.000000
52.578125 6096.000000
52.656250 5692.000000
52.734375 4801.000000
52.812500 3671.000000
52.890625 2943.000000
52.968750 2729.000000
53.046875 2825.000000
53.125000 3110.000000
53.203125 3551.000000
53.281250 3561.000000
53.359375 2575.000000
53.437500 1169.000000
53.515625 -320.000000
53.593750 -1995.000000
53.671875 -3452.000000
53.750000 -4403.000000
53.828125 -4997.000000
53.906250 -4777.000000
53.984375 -3909.000000
54.062500 -3262.000000
54.140625 -3345.000000
54.218750 -3542.000000
54.296875 -3612.000000
54.375000 -3337.000000
54.453125 -3183.000000
54.531250 -3356.000000
54.609375 -4251.000000
54.687500 -5979.000000
54.765625 -6967.000000
54.843750 -6807.000000
54.921875 -6306.000000
55.000000 -6087.000000
55.078125 -6405.000000
55.156250 -7040.000000
55.234375 -7874.000000
55.312500 -8309.000000
55.390625 -8170.000000
55.468750 -7240.000000
55.546875 -5782.000000
55.625000 -4897.000000
55.703125 -5428.000000
55.781250 -6182.000000
55.859375 -5973.000000
55.937500 -5475.000000
56.015625 -4837.000000
56.093750 -4606.000000
56.171875 -4620.000000
56.250000 -4670.000000
56.328125 -3750.000000
56.406250 -2261.000000
56.484375 -1048.000000
56.562500 254.000000
56.640625 1381.000000
56.718750 2022.000000
56.796875 1842.000000
56.875000 1882.000000
56.953125 2055.000000
57.031250 2389.000000
57.109375 2493.000000
57.187500 2004.000000
57.265625 1797.000000
57.343750 2011.000000
57.421875 2114.000000
57.500000 2893.000000
57.578125 4161.000000
57.656250 5183.000000
57.734375 5028.000000
57.812500 4674.000000
57.890625 3968.000000
57.968750 3136.000000
58.046875 2483.000000
58.125000 1524.000000
58.203125 809.000000
58.281250 932.000000
58.359375 1125.000000
58.437500 999.000000
58.515625 532.000000
58.593750 61.000000
58.671875 -637.000000
58.750000 -1362.000000
58.828125 -1771.000000
58.906250 -1634.000000
58.984375 -1218.000000
59.062500 -201.000000
59.140625 482.000000
59.218750 558.000000
59.296875 148.000000
59.375000 -28.000000
59.453125 -259.000000
59.531250 -519.000000
59.609375 -552.000000
59.687500 -883.000000
59.765625 -461.000000
59.843750 443.000000
59.921875 1579.000000
60.000000 2709.000000
60.078125 3125.000000
60.156250 3120.000000
60.234375 3117.000000
60.312500 2832.000000
60.390625 2383.000000
60.468750 1986.000000
60.546875 1913.000000
60.625000 1646.000000
60.703125 1080.000000
60.781250 -236.000000
60.859375 -1726.000000
60.937500 -2113.000000
61.015625 -1723.000000
61.093750 -879.000000
61.171875 -296.000000
61.250000 -275.000000
61.328125 -467.000000
61.406250 -157.000000
61.484375 245.000000
61.562500 770.000000
61.640625 1448.000000
61.718750 2213.000000
61.796875 3009.000000
61.875000 3187.000000
61.953125 2592.000000
62.031250 1083.000000
62.109375 -109.000000
62.187500 -172.000000
62.265625 -429.000000
62.343750 -1077.000000
62.421875 -1912.000000
62.500000 -2383.000000
62.578125 -2829.000000
62.656250 -3257.000000
62.734375 -3311.000000
62.812500 -3185.000000
62.890625 -2707.000000
62.968750 -1793.000000
63.046875 -621.000000
63.125000 418.000000
63.203125 804.000000
63.281250 1011.000000
63.359375 1420.000000
63.437500 1531.000000
63.515625 1286.000000
63.593750 968.000000
63.671875 263.000000
63.750000 -956.000000
63.828125 -2325.000000
63.906250 -2863.000000
63.984375 -1723.000000
64.062500 116.000000
64.140625 2180.000000
64.218750 3197.000000
64.296875 3638.000000
64.375000 3723.000000
64.453125 2996.000000
64.531250 2289.000000
64.609375 1102.000000
64.687500 223.000000
64.765625 -101.000000
64.843750 311.000000
64.921875 1214.000000
65.000000 2472.000000
65.078125 3592.000000
65.156250 4645.000000
65.234375 5709.000000
65.312500 6206.000000
65.390625 6421.000000
65.468750 6919.000000
65.546875 7320.000000
65.625000 6626.000000
65.703125 5533.000000
65.781250 5374.000000
65.859375 5202.000000
65.937500 3936.000000
66.015625 1835.000000
66.093750 -57.000000
66.171875 -1362.000000
66.250000 -1806.000000
66.328125 -1421.000000
66.406250 -846.000000
66.484375 608.000000
66.562500 1713.000000
66.640625 1593.000000
66.718750 496.000000
66.796875 -687.000000
66.875000 -1322.000000
66.953125 -1751.000000
67.031250 -1881.000000
67.109375 -1236.000000
67.187500 -211.000000
67.265625 397.000000
67.343750 102.000000
67.421875 -932.000000
67.500000 -1804.000000
67.578125 -2399.000000
67.656250 -2799.000000
67.734375 -2739.000000
67.812500 -1979.000000
67.890625 -1422.000000
67.968750 -1120.000000
68.046875 -1164.000000
68.125000 -1798.000000
68.203125 -2573.000000
68.281250 -2639.000000
68.359375 -2663.000000
68.437500 -2472.000000
68.515625 -1524.000000
68.593750 -682.000000
68.671875 331.000000
68.750000 1118.000000
68.828125 1932.000000
68.906250 2445.000000
68.984375 2931.000000
69.062500 2541.000000
69.140625 1470.000000
69.218750 299.000000
69.296875 -329.000000
69.375000 617.000000
69.453125 1055.000000
69.531250 745.000000
69.609375 799.000000
69.687500 754.000000
69.765625 1192.000000
69.843750 1618.000000
69.921875 1512.000000
70.000000 528.000000
70.078125 -282.000000
70.156250 -774.000000
70.234375 -730.000000
70.312500 -262.000000
70.390625 434.000000
70.468750 1635.000000
70.546875 2553.000000
70.625000 3094.000000
70.703125 3281.000000
70.781250 2857.000000
70.859375 2631.000000
70.937500 2218.000000
71.015625 2153.000000
71.093750 2006.000000
71.171875 1416.000000
71.250000 1795.000000
71.328125 2036.000000
71.406250 2228.000000
71.484375 2423.000000
71.562500 2055.000000
71.640625 276.000000
71.718750 -1521.000000
71.796875 -2746.000000
71.875000 -2989.000000
71.953125 -2793.000000
72.031250 -2948.000000
72.109375 -3671.000000
72.187500 -4577.000000
72.265625 -4857.000000
72.343750 -4504.000000
72.421875 -3557.000000
72.500000 -2428.000000
72.578125 -1696.000000
72.656250 -2164.000000
72.734375 -3552.000000
72.812500 -4307.000000
72.890625 -3551.000000
72.968750 -2034.000000
73.046875 -1190.000000
73.125000 -632.000000
73.203125 261.000000
73.281250 378.000000
73.359375 -24.000000
73.437500 -447.000000
73.515625 -447.000000
73.593750 -632.000000
73.671875 -672.000000
73.750000 358.000000
73.828125 1872.000000
73.906250 2656.000000
73.984375 2431.000000
74.062500 1260.000000
74.140625 -77.000000
74.218750 -1020.000000
74.296875 -2184.000000
74.375000 -2811.000000
74.453125 -1971.000000
74.531250 -568.000000
74.609375 1287.000000
74.687500 2517.000000
74.765625 3389.000000
74.843750 4623.000000
74.921875 5755.000000
75.000000 6732.000000
75.078125 6267.000000
75.156250 4798.000000
75.234375 4392.000000
75.312500 4528.000000
75.390625 3879.000000
75.468750 2823.000000
75.546875 2065.000000
75.625000 1074.000000
75.703125 -45.000000
75.781250 -1374.000000
75.859375 -2928.000000
75.937500 -4314.000000
76.015625 -5650.000000
76.093750 -6551.000000
76.171875 -7664.000000
76.250000 -8261.000000
76.328125 -8007.000000
76.406250 -6604.000000
76.484375 -3909.000000
76.562500 -1384.000000
76.640625 -275.000000
76.718750 -463.000000
76.796875 -1276.000000
76.875000 -2396.000000
76.953125 -2272.000000
77.031250 -1809.000000
77.109375 -1139.000000
77.187500 -1145.000000
77.265625 -1464.000000
77.343750 -1627.000000
77.421875 -1779.000000
77.500000 -1950.000000
77.578125 -2735.000000
77.656250 -4284.000000
77.734375 -5496.000000
77.812500 -5340.000000
77.890625 -3387.000000
77.968750 -505.000000
78.046875 2210.000000
78.125000 3052.000000
78.203125 1749.000000
78.281250 -73.000000
78.359375 -2512.000000
78.437500 -3020.000000
78.515625 -2171.000000
78.593750 -1107.000000
78.671875 -660.000000
78.750000 574.000000
78.828125 1417.000000
78.906250 1137.000000
78.984375 -295.000000
79.062500 -3121.000000
79.140625 -4957.000000
79.218750 -4823.000000
79.296875 -3562.000000
79.375000 -1511.000000
79.453125 830.000000
79.531250 2632.000000
79.609375 4070.000000
79.687500 5479.000000
79.765625 6362.000000
79.843750 6941.000000
79.921875 6606.000000
